EXEMPLOS DE SOLUÇÕES

# MÉTODO: Primeiro caso

        x1 |        x2 |        x3 |        x4 |       x5 |       x6 |   res.
-----------+-----------+-----------+-----------+----------+----------+--------
  0.707107 |  0.707107 |  0.707107 |  0.707107 |  17.3611 | -17.3611 |      0
  0.707107 |  0.707107 | -0.707107 | -0.707107 |  17.3611 | -17.3611 |      0
 -0.707107 | -0.707107 |  0.707107 |  0.707107 |  17.3611 | -17.3611 |      0
 -0.707107 | -0.707107 | -0.707107 | -0.707107 |  17.3611 | -17.3611 |      0
  0.707107 |  0.707107 |  0.707107 |  0.707107 |  36.4926 | -36.4926 |      0
  0.707107 |  0.707107 | -0.707107 | -0.707107 |  36.4926 | -36.4926 |      0
 -0.707107 | -0.707107 |  0.707107 |  0.707107 |  36.4926 | -36.4926 |      0
 -0.707107 | -0.707107 | -0.707107 | -0.707107 |  36.4926 | -36.4926 |      0
  0.707107 |  0.707107 |  0.707107 |  0.707107 | -91.6487 |  91.6487 |      0
  0.707107 |  0.707107 | -0.707107 | -0.707107 | -91.6487 |  91.6487 |      0
 -0.707107 | -0.707107 |  0.707107 |  0.707107 | -91.6487 |  91.6487 |      0
 -0.707107 | -0.707107 | -0.707107 | -0.707107 | -91.6487 |  91.6487 |      0
  0.707107 |  0.707107 |  0.707107 |  0.707107 | -14.5629 |  14.5629 |      0
  0.707107 |  0.707107 | -0.707107 | -0.707107 | -14.5629 |  14.5629 |      0
 -0.707107 | -0.707107 |  0.707107 |  0.707107 | -14.5629 |  14.5629 |      0
 -0.707107 | -0.707107 | -0.707107 | -0.707107 | -14.5629 |  14.5629 |      0
  0.707107 |  0.707107 |  0.707107 |  0.707107 | -61.781  |  61.781  |      0
  0.707107 |  0.707107 | -0.707107 | -0.707107 | -61.781  |  61.781  |      0
 -0.707107 | -0.707107 |  0.707107 |  0.707107 | -61.781  |  61.781  |      0
 -0.707107 | -0.707107 | -0.707107 | -0.707107 | -61.781  |  61.781  |      0
  0.707107 |  0.707107 |  0.707107 |  0.707107 | -17.9954 |  17.9954 |      0
  0.707107 |  0.707107 | -0.707107 | -0.707107 | -17.9954 |  17.9954 |      0
 -0.707107 | -0.707107 |  0.707107 |  0.707107 | -17.9954 |  17.9954 |      0
 -0.707107 | -0.707107 | -0.707107 | -0.707107 | -17.9954 |  17.9954 |      0
  0.707107 |  0.707107 |  0.707107 |  0.707107 |  93.0303 | -93.0303 |      0
  0.707107 |  0.707107 | -0.707107 | -0.707107 |  93.0303 | -93.0303 |      0
 -0.707107 | -0.707107 |  0.707107 |  0.707107 |  93.0303 | -93.0303 |      0
 -0.707107 | -0.707107 | -0.707107 | -0.707107 |  93.0303 | -93.0303 |      0
  0.707107 |  0.707107 |  0.707107 |  0.707107 | -48.1206 |  48.1206 |      0
  0.707107 |  0.707107 | -0.707107 | -0.707107 | -48.1206 |  48.1206 |      0
 -0.707107 | -0.707107 |  0.707107 |  0.707107 | -48.1206 |  48.1206 |      0
 -0.707107 | -0.707107 | -0.707107 | -0.707107 | -48.1206 |  48.1206 |      0
  0.707107 |  0.707107 |  0.707107 |  0.707107 |  99.495  | -99.495  |      0
  0.707107 |  0.707107 | -0.707107 | -0.707107 |  99.495  | -99.495  |      0
 -0.707107 | -0.707107 |  0.707107 |  0.707107 |  99.495  | -99.495  |      0
 -0.707107 | -0.707107 | -0.707107 | -0.707107 |  99.495  | -99.495  |      0
  0.707107 |  0.707107 |  0.707107 |  0.707107 |  80.1162 | -80.1162 |      0
  0.707107 |  0.707107 | -0.707107 | -0.707107 |  80.1162 | -80.1162 |      0
 -0.707107 | -0.707107 |  0.707107 |  0.707107 |  80.1162 | -80.1162 |      0
 -0.707107 | -0.707107 | -0.707107 | -0.707107 |  80.1162 | -80.1162 |      0
  0.707107 |  0.707107 |  0.707107 |  0.707107 | -55.7198 |  55.7198 |      0
  0.707107 |  0.707107 | -0.707107 | -0.707107 | -55.7198 |  55.7198 |      0
 -0.707107 | -0.707107 |  0.707107 |  0.707107 | -55.7198 |  55.7198 |      0
 -0.707107 | -0.707107 | -0.707107 | -0.707107 | -55.7198 |  55.7198 |      0
  0.707107 |  0.707107 |  0.707107 |  0.707107 |  13.3009 | -13.3009 |      0
  0.707107 |  0.707107 | -0.707107 | -0.707107 |  13.3009 | -13.3009 |      0
 -0.707107 | -0.707107 |  0.707107 |  0.707107 |  13.3009 | -13.3009 |      0
 -0.707107 | -0.707107 | -0.707107 | -0.707107 |  13.3009 | -13.3009 |      0
  0.707107 |  0.707107 |  0.707107 |  0.707107 | -76.8063 |  76.8063 |      0
  0.707107 |  0.707107 | -0.707107 | -0.707107 | -76.8063 |  76.8063 |      0
 -0.707107 | -0.707107 |  0.707107 |  0.707107 | -76.8063 |  76.8063 |      0
 -0.707107 | -0.707107 | -0.707107 | -0.707107 | -76.8063 |  76.8063 |      0
  0.707107 |  0.707107 |  0.707107 |  0.707107 | -11.9691 |  11.9691 |      0
  0.707107 |  0.707107 | -0.707107 | -0.707107 | -11.9691 |  11.9691 |      0
 -0.707107 | -0.707107 |  0.707107 |  0.707107 | -11.9691 |  11.9691 |      0
 -0.707107 | -0.707107 | -0.707107 | -0.707107 | -11.9691 |  11.9691 |      0
  0.707107 |  0.707107 |  0.707107 |  0.707107 | -45.0464 |  45.0464 |      0
  0.707107 |  0.707107 | -0.707107 | -0.707107 | -45.0464 |  45.0464 |      0
 -0.707107 | -0.707107 |  0.707107 |  0.707107 | -45.0464 |  45.0464 |      0
 -0.707107 | -0.707107 | -0.707107 | -0.707107 | -45.0464 |  45.0464 |      0

# MÉTODO: Segundo caso

        x1 |         x2 |        x3 |       x4 |   x5 |   x6 |   res.
-----------+------------+-----------+----------+------+------+--------
  0.707107 |  0.207817  |  0.707107 | 0.978168 |    0 |    0 |      0
 -0.707107 |  0.207817  |  0.707107 | 0.978168 |    0 |    0 |      0
 -0.707107 |  0.207817  | -0.707107 | 0.978168 |    0 |    0 |      0
  0.707107 |  0.207817  | -0.707107 | 0.978168 |    0 |    0 |      0
  0.707107 | -0.110248  |  0.707107 | 0.993904 |    0 |    0 |      0
 -0.707107 | -0.110248  |  0.707107 | 0.993904 |    0 |    0 |      0
 -0.707107 | -0.110248  | -0.707107 | 0.993904 |    0 |    0 |      0
  0.707107 | -0.110248  | -0.707107 | 0.993904 |    0 |    0 |      0
  0.707107 |  0.399018  |  0.707107 | 0.916943 |    0 |    0 |      0
 -0.707107 |  0.399018  |  0.707107 | 0.916943 |    0 |    0 |      0
 -0.707107 |  0.399018  | -0.707107 | 0.916943 |    0 |    0 |      0
  0.707107 |  0.399018  | -0.707107 | 0.916943 |    0 |    0 |      0
  0.707107 | -0.281556  |  0.707107 | 0.959545 |    0 |    0 |      0
 -0.707107 | -0.281556  |  0.707107 | 0.959545 |    0 |    0 |      0
 -0.707107 | -0.281556  | -0.707107 | 0.959545 |    0 |    0 |      0
  0.707107 | -0.281556  | -0.707107 | 0.959545 |    0 |    0 |      0
  0.707107 |  0.649655  |  0.707107 | 0.760229 |    0 |    0 |      0
 -0.707107 |  0.649655  |  0.707107 | 0.760229 |    0 |    0 |      0
 -0.707107 |  0.649655  | -0.707107 | 0.760229 |    0 |    0 |      0
  0.707107 |  0.649655  | -0.707107 | 0.760229 |    0 |    0 |      0
  0.707107 |  0.961365  |  0.707107 | 0.275277 |    0 |    0 |      0
 -0.707107 |  0.961365  |  0.707107 | 0.275277 |    0 |    0 |      0
 -0.707107 |  0.961365  | -0.707107 | 0.275277 |    0 |    0 |      0
  0.707107 |  0.961365  | -0.707107 | 0.275277 |    0 |    0 |      0
  0.707107 | -0.370487  |  0.707107 | 0.928838 |    0 |    0 |      0
 -0.707107 | -0.370487  |  0.707107 | 0.928838 |    0 |    0 |      0
 -0.707107 | -0.370487  | -0.707107 | 0.928838 |    0 |    0 |      0
  0.707107 | -0.370487  | -0.707107 | 0.928838 |    0 |    0 |      0
  0.707107 |  0.767793  |  0.707107 | 0.640699 |    0 |    0 |      0
 -0.707107 |  0.767793  |  0.707107 | 0.640699 |    0 |    0 |      0
 -0.707107 |  0.767793  | -0.707107 | 0.640699 |    0 |    0 |      0
  0.707107 |  0.767793  | -0.707107 | 0.640699 |    0 |    0 |      0
  0.707107 |  0.219435  |  0.707107 | 0.975627 |    0 |    0 |      0
 -0.707107 |  0.219435  |  0.707107 | 0.975627 |    0 |    0 |      0
 -0.707107 |  0.219435  | -0.707107 | 0.975627 |    0 |    0 |      0
  0.707107 |  0.219435  | -0.707107 | 0.975627 |    0 |    0 |      0
  0.707107 | -0.538034  |  0.707107 | 0.842923 |    0 |    0 |      0
 -0.707107 | -0.538034  |  0.707107 | 0.842923 |    0 |    0 |      0
 -0.707107 | -0.538034  | -0.707107 | 0.842923 |    0 |    0 |      0
  0.707107 | -0.538034  | -0.707107 | 0.842923 |    0 |    0 |      0
  0.707107 |  0.261621  |  0.707107 | 0.965171 |    0 |    0 |      0
 -0.707107 |  0.261621  |  0.707107 | 0.965171 |    0 |    0 |      0
 -0.707107 |  0.261621  | -0.707107 | 0.965171 |    0 |    0 |      0
  0.707107 |  0.261621  | -0.707107 | 0.965171 |    0 |    0 |      0
  0.707107 |  0.638496  |  0.707107 | 0.769625 |    0 |    0 |      0
 -0.707107 |  0.638496  |  0.707107 | 0.769625 |    0 |    0 |      0
 -0.707107 |  0.638496  | -0.707107 | 0.769625 |    0 |    0 |      0
  0.707107 |  0.638496  | -0.707107 | 0.769625 |    0 |    0 |      0
  0.707107 | -0.885174  |  0.707107 | 0.46526  |    0 |    0 |      0
 -0.707107 | -0.885174  |  0.707107 | 0.46526  |    0 |    0 |      0
 -0.707107 | -0.885174  | -0.707107 | 0.46526  |    0 |    0 |      0
  0.707107 | -0.885174  | -0.707107 | 0.46526  |    0 |    0 |      0
  0.707107 |  0.786369  |  0.707107 | 0.617758 |    0 |    0 |      0
 -0.707107 |  0.786369  |  0.707107 | 0.617758 |    0 |    0 |      0
 -0.707107 |  0.786369  | -0.707107 | 0.617758 |    0 |    0 |      0
  0.707107 |  0.786369  | -0.707107 | 0.617758 |    0 |    0 |      0
  0.707107 |  0.0168148 |  0.707107 | 0.999859 |    0 |    0 |      0
 -0.707107 |  0.0168148 |  0.707107 | 0.999859 |    0 |    0 |      0
 -0.707107 |  0.0168148 | -0.707107 | 0.999859 |    0 |    0 |      0
  0.707107 |  0.0168148 | -0.707107 | 0.999859 |    0 |    0 |      0

# MÉTODO: Terceiro caso

         x1 |        x2 |       x3 |        x4 |   x5 |   x6 |   res.
------------+-----------+----------+-----------+------+------+--------
  0.425891  |  0.707107 | 0.904774 |  0.707107 |    0 |    0 |      0
  0.425891  | -0.707107 | 0.904774 |  0.707107 |    0 |    0 |      0
  0.425891  | -0.707107 | 0.904774 | -0.707107 |    0 |    0 |      0
  0.425891  |  0.707107 | 0.904774 | -0.707107 |    0 |    0 |      0
 -0.292599  |  0.707107 | 0.956235 |  0.707107 |    0 |    0 |      0
 -0.292599  | -0.707107 | 0.956235 |  0.707107 |    0 |    0 |      0
 -0.292599  | -0.707107 | 0.956235 | -0.707107 |    0 |    0 |      0
 -0.292599  |  0.707107 | 0.956235 | -0.707107 |    0 |    0 |      0
  0.391067  |  0.707107 | 0.920362 |  0.707107 |    0 |    0 |      0
  0.391067  | -0.707107 | 0.920362 |  0.707107 |    0 |    0 |      0
  0.391067  | -0.707107 | 0.920362 | -0.707107 |    0 |    0 |      0
  0.391067  |  0.707107 | 0.920362 | -0.707107 |    0 |    0 |      0
  0.715098  |  0.707107 | 0.699024 |  0.707107 |    0 |    0 |      0
  0.715098  | -0.707107 | 0.699024 |  0.707107 |    0 |    0 |      0
  0.715098  | -0.707107 | 0.699024 | -0.707107 |    0 |    0 |      0
  0.715098  |  0.707107 | 0.699024 | -0.707107 |    0 |    0 |      0
 -0.750611  |  0.707107 | 0.660744 |  0.707107 |    0 |    0 |      0
 -0.750611  | -0.707107 | 0.660744 |  0.707107 |    0 |    0 |      0
 -0.750611  | -0.707107 | 0.660744 | -0.707107 |    0 |    0 |      0
 -0.750611  |  0.707107 | 0.660744 | -0.707107 |    0 |    0 |      0
  0.927982  |  0.707107 | 0.372625 |  0.707107 |    0 |    0 |      0
  0.927982  | -0.707107 | 0.372625 |  0.707107 |    0 |    0 |      0
  0.927982  | -0.707107 | 0.372625 | -0.707107 |    0 |    0 |      0
  0.927982  |  0.707107 | 0.372625 | -0.707107 |    0 |    0 |      0
  0.75706   |  0.707107 | 0.653345 |  0.707107 |    0 |    0 |      0
  0.75706   | -0.707107 | 0.653345 |  0.707107 |    0 |    0 |      0
  0.75706   | -0.707107 | 0.653345 | -0.707107 |    0 |    0 |      0
  0.75706   |  0.707107 | 0.653345 | -0.707107 |    0 |    0 |      0
 -0.590114  |  0.707107 | 0.80732  |  0.707107 |    0 |    0 |      0
 -0.590114  | -0.707107 | 0.80732  |  0.707107 |    0 |    0 |      0
 -0.590114  | -0.707107 | 0.80732  | -0.707107 |    0 |    0 |      0
 -0.590114  |  0.707107 | 0.80732  | -0.707107 |    0 |    0 |      0
  0.130821  |  0.707107 | 0.991406 |  0.707107 |    0 |    0 |      0
  0.130821  | -0.707107 | 0.991406 |  0.707107 |    0 |    0 |      0
  0.130821  | -0.707107 | 0.991406 | -0.707107 |    0 |    0 |      0
  0.130821  |  0.707107 | 0.991406 | -0.707107 |    0 |    0 |      0
  0.750917  |  0.707107 | 0.660397 |  0.707107 |    0 |    0 |      0
  0.750917  | -0.707107 | 0.660397 |  0.707107 |    0 |    0 |      0
  0.750917  | -0.707107 | 0.660397 | -0.707107 |    0 |    0 |      0
  0.750917  |  0.707107 | 0.660397 | -0.707107 |    0 |    0 |      0
 -0.42      |  0.707107 | 0.907524 |  0.707107 |    0 |    0 |      0
 -0.42      | -0.707107 | 0.907524 |  0.707107 |    0 |    0 |      0
 -0.42      | -0.707107 | 0.907524 | -0.707107 |    0 |    0 |      0
 -0.42      |  0.707107 | 0.907524 | -0.707107 |    0 |    0 |      0
  0.0622592 |  0.707107 | 0.99806  |  0.707107 |    0 |    0 |      0
  0.0622592 | -0.707107 | 0.99806  |  0.707107 |    0 |    0 |      0
  0.0622592 | -0.707107 | 0.99806  | -0.707107 |    0 |    0 |      0
  0.0622592 |  0.707107 | 0.99806  | -0.707107 |    0 |    0 |      0
 -0.937557  |  0.707107 | 0.347831 |  0.707107 |    0 |    0 |      0
 -0.937557  | -0.707107 | 0.347831 |  0.707107 |    0 |    0 |      0
 -0.937557  | -0.707107 | 0.347831 | -0.707107 |    0 |    0 |      0
 -0.937557  |  0.707107 | 0.347831 | -0.707107 |    0 |    0 |      0
  0.214595  |  0.707107 | 0.976703 |  0.707107 |    0 |    0 |      0
  0.214595  | -0.707107 | 0.976703 |  0.707107 |    0 |    0 |      0
  0.214595  | -0.707107 | 0.976703 | -0.707107 |    0 |    0 |      0
  0.214595  |  0.707107 | 0.976703 | -0.707107 |    0 |    0 |      0
 -0.903168  |  0.707107 | 0.429288 |  0.707107 |    0 |    0 |      0
 -0.903168  | -0.707107 | 0.429288 |  0.707107 |    0 |    0 |      0
 -0.903168  | -0.707107 | 0.429288 | -0.707107 |    0 |    0 |      0
 -0.903168  |  0.707107 | 0.429288 | -0.707107 |    0 |    0 |      0

# MÉTODO: Primeiro sub-caso

   x1 |   x2 |   x3 |   x4 |        x5 |        x6 |   res.
------+------+------+------+-----------+-----------+--------
    1 |    1 |    0 |    0 |  -4.83896 |   4.83896 |      0
   -1 |   -1 |    0 |    0 |  -4.83896 |   4.83896 |      0
    1 |   -1 |    0 |    0 |  -4.83896 |  -4.83896 |      0
   -1 |    1 |    0 |    0 |  -4.83896 |  -4.83896 |      0
    1 |    1 |    0 |    0 | -65.1046  |  65.1046  |      0
   -1 |   -1 |    0 |    0 | -65.1046  |  65.1046  |      0
    1 |   -1 |    0 |    0 | -65.1046  | -65.1046  |      0
   -1 |    1 |    0 |    0 | -65.1046  | -65.1046  |      0
    1 |    1 |    0 |    0 | -14.374   |  14.374   |      0
   -1 |   -1 |    0 |    0 | -14.374   |  14.374   |      0
    1 |   -1 |    0 |    0 | -14.374   | -14.374   |      0
   -1 |    1 |    0 |    0 | -14.374   | -14.374   |      0
    1 |    1 |    0 |    0 | -33.4165  |  33.4165  |      0
   -1 |   -1 |    0 |    0 | -33.4165  |  33.4165  |      0
    1 |   -1 |    0 |    0 | -33.4165  | -33.4165  |      0
   -1 |    1 |    0 |    0 | -33.4165  | -33.4165  |      0
    1 |    1 |    0 |    0 |  57.2868  | -57.2868  |      0
   -1 |   -1 |    0 |    0 |  57.2868  | -57.2868  |      0
    1 |   -1 |    0 |    0 |  57.2868  |  57.2868  |      0
   -1 |    1 |    0 |    0 |  57.2868  |  57.2868  |      0
    1 |    1 |    0 |    0 | -88.8363  |  88.8363  |      0
   -1 |   -1 |    0 |    0 | -88.8363  |  88.8363  |      0
    1 |   -1 |    0 |    0 | -88.8363  | -88.8363  |      0
   -1 |    1 |    0 |    0 | -88.8363  | -88.8363  |      0
    1 |    1 |    0 |    0 | -30.9607  |  30.9607  |      0
   -1 |   -1 |    0 |    0 | -30.9607  |  30.9607  |      0
    1 |   -1 |    0 |    0 | -30.9607  | -30.9607  |      0
   -1 |    1 |    0 |    0 | -30.9607  | -30.9607  |      0
    1 |    1 |    0 |    0 | -12.8341  |  12.8341  |      0
   -1 |   -1 |    0 |    0 | -12.8341  |  12.8341  |      0
    1 |   -1 |    0 |    0 | -12.8341  | -12.8341  |      0
   -1 |    1 |    0 |    0 | -12.8341  | -12.8341  |      0
    1 |    1 |    0 |    0 | -51.9622  |  51.9622  |      0
   -1 |   -1 |    0 |    0 | -51.9622  |  51.9622  |      0
    1 |   -1 |    0 |    0 | -51.9622  | -51.9622  |      0
   -1 |    1 |    0 |    0 | -51.9622  | -51.9622  |      0
    1 |    1 |    0 |    0 | -18.7024  |  18.7024  |      0
   -1 |   -1 |    0 |    0 | -18.7024  |  18.7024  |      0
    1 |   -1 |    0 |    0 | -18.7024  | -18.7024  |      0
   -1 |    1 |    0 |    0 | -18.7024  | -18.7024  |      0
    1 |    1 |    0 |    0 | -83.5604  |  83.5604  |      0
   -1 |   -1 |    0 |    0 | -83.5604  |  83.5604  |      0
    1 |   -1 |    0 |    0 | -83.5604  | -83.5604  |      0
   -1 |    1 |    0 |    0 | -83.5604  | -83.5604  |      0
    1 |    1 |    0 |    0 | -95.6893  |  95.6893  |      0
   -1 |   -1 |    0 |    0 | -95.6893  |  95.6893  |      0
    1 |   -1 |    0 |    0 | -95.6893  | -95.6893  |      0
   -1 |    1 |    0 |    0 | -95.6893  | -95.6893  |      0
    1 |    1 |    0 |    0 | -93.3729  |  93.3729  |      0
   -1 |   -1 |    0 |    0 | -93.3729  |  93.3729  |      0
    1 |   -1 |    0 |    0 | -93.3729  | -93.3729  |      0
   -1 |    1 |    0 |    0 | -93.3729  | -93.3729  |      0
    1 |    1 |    0 |    0 | -26.9867  |  26.9867  |      0
   -1 |   -1 |    0 |    0 | -26.9867  |  26.9867  |      0
    1 |   -1 |    0 |    0 | -26.9867  | -26.9867  |      0
   -1 |    1 |    0 |    0 | -26.9867  | -26.9867  |      0
    1 |    1 |    0 |    0 |  62.9293  | -62.9293  |      0
   -1 |   -1 |    0 |    0 |  62.9293  | -62.9293  |      0
    1 |   -1 |    0 |    0 |  62.9293  |  62.9293  |      0
   -1 |    1 |    0 |    0 |  62.9293  |  62.9293  |      0

# MÉTODO: Segundo sub-caso

   x1 |   x2 |   x3 |   x4 |       x5 |       x6 |   res.
------+------+------+------+----------+----------+--------
    0 |    0 |    1 |    1 | -32.9069 |  32.9069 |      0
    0 |    0 |   -1 |   -1 | -32.9069 |  32.9069 |      0
    0 |    0 |    1 |   -1 | -32.9069 | -32.9069 |      0
    0 |    0 |   -1 |    1 | -32.9069 | -32.9069 |      0
    0 |    0 |    1 |    1 | -52.148  |  52.148  |      0
    0 |    0 |   -1 |   -1 | -52.148  |  52.148  |      0
    0 |    0 |    1 |   -1 | -52.148  | -52.148  |      0
    0 |    0 |   -1 |    1 | -52.148  | -52.148  |      0
    0 |    0 |    1 |    1 |  35.2873 | -35.2873 |      0
    0 |    0 |   -1 |   -1 |  35.2873 | -35.2873 |      0
    0 |    0 |    1 |   -1 |  35.2873 |  35.2873 |      0
    0 |    0 |   -1 |    1 |  35.2873 |  35.2873 |      0
    0 |    0 |    1 |    1 | -68.4226 |  68.4226 |      0
    0 |    0 |   -1 |   -1 | -68.4226 |  68.4226 |      0
    0 |    0 |    1 |   -1 | -68.4226 | -68.4226 |      0
    0 |    0 |   -1 |    1 | -68.4226 | -68.4226 |      0
    0 |    0 |    1 |    1 | -14.7076 |  14.7076 |      0
    0 |    0 |   -1 |   -1 | -14.7076 |  14.7076 |      0
    0 |    0 |    1 |   -1 | -14.7076 | -14.7076 |      0
    0 |    0 |   -1 |    1 | -14.7076 | -14.7076 |      0
    0 |    0 |    1 |    1 |  39.378  | -39.378  |      0
    0 |    0 |   -1 |   -1 |  39.378  | -39.378  |      0
    0 |    0 |    1 |   -1 |  39.378  |  39.378  |      0
    0 |    0 |   -1 |    1 |  39.378  |  39.378  |      0
    0 |    0 |    1 |    1 | -32.6117 |  32.6117 |      0
    0 |    0 |   -1 |   -1 | -32.6117 |  32.6117 |      0
    0 |    0 |    1 |   -1 | -32.6117 | -32.6117 |      0
    0 |    0 |   -1 |    1 | -32.6117 | -32.6117 |      0
    0 |    0 |    1 |    1 |  64.5595 | -64.5595 |      0
    0 |    0 |   -1 |   -1 |  64.5595 | -64.5595 |      0
    0 |    0 |    1 |   -1 |  64.5595 |  64.5595 |      0
    0 |    0 |   -1 |    1 |  64.5595 |  64.5595 |      0
    0 |    0 |    1 |    1 |  87.2548 | -87.2548 |      0
    0 |    0 |   -1 |   -1 |  87.2548 | -87.2548 |      0
    0 |    0 |    1 |   -1 |  87.2548 |  87.2548 |      0
    0 |    0 |   -1 |    1 |  87.2548 |  87.2548 |      0
    0 |    0 |    1 |    1 | -15.7993 |  15.7993 |      0
    0 |    0 |   -1 |   -1 | -15.7993 |  15.7993 |      0
    0 |    0 |    1 |   -1 | -15.7993 | -15.7993 |      0
    0 |    0 |   -1 |    1 | -15.7993 | -15.7993 |      0
    0 |    0 |    1 |    1 | -34.9012 |  34.9012 |      0
    0 |    0 |   -1 |   -1 | -34.9012 |  34.9012 |      0
    0 |    0 |    1 |   -1 | -34.9012 | -34.9012 |      0
    0 |    0 |   -1 |    1 | -34.9012 | -34.9012 |      0
    0 |    0 |    1 |    1 |  11.9561 | -11.9561 |      0
    0 |    0 |   -1 |   -1 |  11.9561 | -11.9561 |      0
    0 |    0 |    1 |   -1 |  11.9561 |  11.9561 |      0
    0 |    0 |   -1 |    1 |  11.9561 |  11.9561 |      0
    0 |    0 |    1 |    1 | -84.494  |  84.494  |      0
    0 |    0 |   -1 |   -1 | -84.494  |  84.494  |      0
    0 |    0 |    1 |   -1 | -84.494  | -84.494  |      0
    0 |    0 |   -1 |    1 | -84.494  | -84.494  |      0
    0 |    0 |    1 |    1 |  24.2275 | -24.2275 |      0
    0 |    0 |   -1 |   -1 |  24.2275 | -24.2275 |      0
    0 |    0 |    1 |   -1 |  24.2275 |  24.2275 |      0
    0 |    0 |   -1 |    1 |  24.2275 |  24.2275 |      0
    0 |    0 |    1 |    1 | -13.0342 |  13.0342 |      0
    0 |    0 |   -1 |   -1 | -13.0342 |  13.0342 |      0
    0 |    0 |    1 |   -1 | -13.0342 | -13.0342 |      0
    0 |    0 |   -1 |    1 | -13.0342 | -13.0342 |      0

# MÉTODO: Terceiro sub-caso

   x1 |   x2 |   x3 |   x4 |   x5 |   x6 |   res.
------+------+------+------+------+------+--------
    1 |    0 |    0 |    1 |    0 |    0 |      0
   -1 |    0 |    0 |   -1 |    0 |    0 |      0
    1 |    0 |    0 |   -1 |    0 |    0 |      0
   -1 |    0 |    0 |    1 |    0 |    0 |      0

# MÉTODO: Quarto sub-caso

   x1 |   x2 |   x3 |   x4 |   x5 |   x6 |   res.
------+------+------+------+------+------+--------
    0 |    1 |    1 |    0 |    0 |    0 |      0
    0 |   -1 |   -1 |    0 |    0 |    0 |      0
    0 |    1 |   -1 |    0 |    0 |    0 |      0
    0 |   -1 |    1 |    0 |    0 |    0 |      0

# MÉTODO: Quinto Sub-caso 1

        x1 |         x2 |        x3 |        x4 |   x5 |   x6 |   res.
-----------+------------+-----------+-----------+------+------+--------
 -0.999758 | -0.0219874 | 0.0219874 |  0.999758 |    0 |    0 |      0
 -0.999517 | -0.0310818 | 0.0310818 |  0.999517 |    0 |    0 |      0
 -0.999803 | -0.0198432 | 0.0198432 |  0.999803 |    0 |    0 |      0
 -0.999695 | -0.0246853 | 0.0246853 |  0.999695 |    0 |    0 |      0
 -0.999916 | -0.0129551 | 0.0129551 |  0.999916 |    0 |    0 |      0
 -0.999851 |  0.0172337 | 0.0172337 | -0.999851 |    0 |    0 |      0
 -0.99987  |  0.0161266 | 0.0161266 | -0.99987  |    0 |    0 |      0
 -0.99984  |  0.0179094 | 0.0179094 | -0.99984  |    0 |    0 |      0
 -0.990586 |  0.13689   | 0.13689   | -0.990586 |    0 |    0 |      0
 -0.999906 |  0.0137292 | 0.0137292 | -0.999906 |    0 |    0 |      0
 -0.999928 | -0.0119706 | 0.0119706 |  0.999928 |    0 |    0 |      0
 -0.999278 |  0.0379909 | 0.0379909 | -0.999278 |    0 |    0 |      0
 -0.999933 |  0.0115982 | 0.0115982 | -0.999933 |    0 |    0 |      0
 -0.999806 | -0.0196951 | 0.0196951 |  0.999806 |    0 |    0 |      0
 -0.999929 | -0.0119109 | 0.0119109 |  0.999929 |    0 |    0 |      0

# MÉTODO: Quinto Sub-caso 2

        x1 |         x2 |         x3 |        x4 |   x5 |   x6 |   res.
-----------+------------+------------+-----------+------+------+--------
 -0.999833 | -0.0182932 |  0.0182932 |  0.999833 |    0 |    0 |      0
 -0.479529 |  0.877526  | -0.877526  |  0.479529 |    0 |    0 |      0
 -0.999902 |  0.0139792 |  0.0139792 | -0.999902 |    0 |    0 |      0
 -0.999886 | -0.0151224 |  0.0151224 |  0.999886 |    0 |    0 |      0
 -0.97881  |  0.204769  |  0.204769  | -0.97881  |    0 |    0 |      0
 -0.999933 | -0.0115832 |  0.0115832 |  0.999933 |    0 |    0 |      0
 -0.999925 | -0.0122404 |  0.0122404 |  0.999925 |    0 |    0 |      0
 -0.99917  |  0.0407375 |  0.0407375 | -0.99917  |    0 |    0 |      0
 -0.999575 | -0.0291366 |  0.0291366 |  0.999575 |    0 |    0 |      0
 -0.896275 | -0.443499  |  0.443499  |  0.896275 |    0 |    0 |      0
 -0.999698 | -0.0245697 |  0.0245697 |  0.999698 |    0 |    0 |      0
 -0.999402 | -0.0345774 |  0.0345774 |  0.999402 |    0 |    0 |      0
 -0.999183 | -0.0404094 |  0.0404094 |  0.999183 |    0 |    0 |      0
 -0.999928 |  0.0120324 |  0.0120324 | -0.999928 |    0 |    0 |      0
 -0.999894 |  0.0145661 |  0.0145661 | -0.999894 |    0 |    0 |      0

# MÉTODO: Quinto Sub-caso 3

        x1 |         x2 |        x3 |        x4 |   x5 |   x6 |   res.
-----------+------------+-----------+-----------+------+------+--------
 -0.99988  |  0.0154594 | 0.0154594 | -0.99988  |    0 |    0 |      0
 -0.999827 | -0.0186051 | 0.0186051 |  0.999827 |    0 |    0 |      0
 -0.998826 | -0.0484497 | 0.0484497 |  0.998826 |    0 |    0 |      0
 -0.999927 | -0.0120733 | 0.0120733 |  0.999927 |    0 |    0 |      0
 -0.999814 | -0.019295  | 0.019295  |  0.999814 |    0 |    0 |      0
 -0.99893  |  0.0462389 | 0.0462389 | -0.99893  |    0 |    0 |      0
 -0.998462 |  0.0554392 | 0.0554392 | -0.998462 |    0 |    0 |      0
 -0.999901 | -0.0140937 | 0.0140937 |  0.999901 |    0 |    0 |      0
 -0.999877 | -0.0156897 | 0.0156897 |  0.999877 |    0 |    0 |      0
 -0.999942 | -0.0107402 | 0.0107402 |  0.999942 |    0 |    0 |      0
 -0.999825 | -0.0186977 | 0.0186977 |  0.999825 |    0 |    0 |      0
 -0.998477 | -0.0551721 | 0.0551721 |  0.998477 |    0 |    0 |      0
 -0.99943  |  0.0337678 | 0.0337678 | -0.99943  |    0 |    0 |      0
 -0.999892 |  0.0146972 | 0.0146972 | -0.999892 |    0 |    0 |      0
 -0.999034 | -0.0439468 | 0.0439468 |  0.999034 |    0 |    0 |      0

# MÉTODO: Quinto Sub-caso 4

        x1 |         x2 |        x3 |        x4 |   x5 |   x6 |   res.
-----------+------------+-----------+-----------+------+------+--------
 -0.999932 | -0.0116316 | 0.0116316 |  0.999932 |    0 |    0 |      0
 -0.999798 | -0.020076  | 0.020076  |  0.999798 |    0 |    0 |      0
 -0.998758 |  0.049825  | 0.049825  | -0.998758 |    0 |    0 |      0
 -0.999833 | -0.018276  | 0.018276  |  0.999833 |    0 |    0 |      0
 -0.999915 |  0.0130447 | 0.0130447 | -0.999915 |    0 |    0 |      0
 -0.998145 |  0.0608784 | 0.0608784 | -0.998145 |    0 |    0 |      0
 -0.999805 |  0.0197315 | 0.0197315 | -0.999805 |    0 |    0 |      0
 -0.994405 | -0.105638  | 0.105638  |  0.994405 |    0 |    0 |      0
 -0.999939 |  0.0110236 | 0.0110236 | -0.999939 |    0 |    0 |      0
 -0.999899 |  0.0141899 | 0.0141899 | -0.999899 |    0 |    0 |      0
 -0.999649 |  0.0265114 | 0.0265114 | -0.999649 |    0 |    0 |      0
 -0.99992  | -0.0126587 | 0.0126587 |  0.99992  |    0 |    0 |      0
 -0.999541 |  0.0302813 | 0.0302813 | -0.999541 |    0 |    0 |      0
 -0.999609 | -0.0279578 | 0.0279578 |  0.999609 |    0 |    0 |      0
 -0.999783 | -0.020819  | 0.020819  |  0.999783 |    0 |    0 |      0

